{
  "baseline_loss": 0.08774659502744242,
  "swap_loss_matrix": [
    [
      0.08774659502744242,
      8.745859800362977,
      12.59953493647913,
      9.640625,
      8.919039246823957,
      9.464439655172415,
      10.139178765880217,
      9.289246823956443,
      8.848599137931034,
      9.017241379310345,
      9.196177404718693,
      8.720933529945553,
      8.804815108892923,
      8.79826451905626,
      8.942264065335753,
      8.733977994555353,
      9.039643829401088,
      8.801270417422867,
      8.765086206896552,
      8.702359346642469,
      8.608495916515427,
      8.591623185117967,
      8.882458030852995,
      8.990670372050817,
      8.86779718693285,
      8.821035617059891,
      9.982134754990925,
      9.034340970961887,
      8.914813974591652,
      9.180041969147005,
      9.623979128856623,
      9.224761796733212,
      9.31187613430127,
      10.569305807622504,
      9.464354582577133,
      22.915551270417424
    ],
    [
      8.745859800362977,
      0.08774659502744242,
      0.7482249702169761,
      6.800845054446461,
      8.927943511796734,
      8.66336774047187,
      9.20890993647913,
      12.606340744101633,
      13.100782667876588,
      12.266504083484573,
      10.219657441016334,
      11.66078720508167,
      11.595394736842104,
      11.696687840290382,
      10.725782667876588,
      11.175618194192378,
      10.641163793103448,
      10.45647118874773,
      10.43290607985481,
      9.956187613430128,
      11.146608439201453,
      11.102597549909255,
      12.379196914700545,
      13.396012931034482,
      11.948389292196007,
      12.292422867513611,
      12.423434664246823,
      11.825657894736842,
      11.690562613430128,
      11.648593466424682,
      11.751417876588022,
      10.265993647912886,
      11.19135662431942,
      11.14190108892922,
      10.34369328493648,
      11.991152450090745
    ],
    [
      12.59953493647913,
      0.7482249702169761,
      0.08774659502744242,
      0.23190268549642198,
      4.179361388384755,
      7.322425136116152,
      9.795372050816697,
      7.188917876588022,
      10.663311025408348,
      8.920967558983666,
      12.459533802177859,
      8.98117059891107,
      13.779208257713249,
      13.494725499092558,
      13.322595281306715,
      13.647345735027223,
      13.787006578947368,
      14.337624773139746,
      12.85617059891107,
      13.463050136116152,
      13.085356170598912,
      11.032838021778584,
      16.37108666061706,
      11.337000907441016,
      10.05467332123412,
      13.812329854809438,
      14.160049909255898,
      12.504934210526315,
      16.267071234119783,
      12.193228221415607,
      11.73102881125227,
      12.042366152450091,
      11.756068511796734,
      12.166203493647913,
      10.515539927404719,
      12.475555807622504
    ],
    [
      9.640625,
      6.800845054446461,
      0.23190268549642198,
      0.08774659502744242,
      1.2783090713452514,
      2.2800306261343013,
      5.593494782214156,
      3.542536297640653,
      4.994441923774954,
      4.71163225952813,
      6.012704174228675,
      5.667507940108893,
      7.7970451451905625,
      7.128374546279492,
      7.772374092558984,
      7.391504083484573,
      9.282441016333939,
      8.234460072595281,
      8.216935117967331,
      8.18489110707804,
      8.472464836660617,
      8.111728675136115,
      9.837653130671507,
      7.668046733212341,
      6.858524274047187,
      7.835497958257713,
      8.507344600725952,
      9.031448502722323,
      9.545910843920145,
      9.742400181488204,
      8.755075998185118,
      11.557849364791288,
      9.468211206896552,
      11.311365698729583,
      9.822425136116152,
      12.711462114337568
    ],
    [
      8.919039246823957,
      8.927943511796734,
      4.179361388384755,
      1.2783090713452514,
      0.08774659502744242,
      0.7273928444636496,
      1.1206045853356053,
      1.9423207803992741,
      2.8559437386569875,
      2.7460583030852996,
      3.2823843012704175,
      3.375198502722323,
      5.293698956442832,
      3.7047413793103448,
      4.518432395644283,
      4.664842332123412,
      8.702047413793103,
      6.066526769509982,
      6.855943738656987,
      5.853901996370236,
      5.4624262704174225,
      5.784596188747732,
      9.516674228675136,
      5.163140880217786,
      5.692887931034483,
      6.888271324863884,
      7.177688294010889,
      7.7040607985480944,
      9.147260662431941,
      9.792139292196007,
      8.6014916061706,
      11.787630444646098,
      9.129707350272232,
      11.083257713248639,
      9.784766333938293,
      14.031533575317605
    ],
    [
      9.464439655172415,
      8.66336774047187,
      7.322425136116152,
      2.2800306261343013,
      0.7273928444636496,
      0.08774659502744242,
      0.2731064320043297,
      0.9295173569188576,
      1.364098442228217,
      1.5410878480887023,
      2.1258790834845733,
      1.9836944192377495,
      2.011587596415608,
      1.742059891107078,
      2.5484063067150635,
      2.3217729128856623,
      11.203862295825772,
      5.143404038112522,
      8.550816696914701,
      6.23182282214156,
      4.571347549909256,
      4.163764745916516,
      6.686677631578948,
      3.653697822141561,
      4.242712114337568,
      5.613345054446461,
      6.485282441016334,
      6.659340970961887,
      8.121370235934664,
      10.601746823956443,
      8.79883166969147,
      10.476349818511796,
      9.589382940108893,
      10.937613430127042,
      9.724081215970962,
      15.739507713248639
    ],
    [
      10.139178765880217,
      9.20890993647913,
      9.795372050816697,
      5.593494782214156,
      1.1206045853356053,
      0.2731064320043297,
      0.08774659502744242,
      0.5414913151744489,
      1.0116552917148154,
      1.6396608439201452,
      8.861558529945553,
      8.743250907441016,
      9.219061932849364,
      9.709108439201453,
      9.79367059891107,
      10.273820326678766,
      12.120831442831216,
      10.126020871143377,
      10.205478675136115,
      10.11260775862069,
      10.087142695099818,
      10.235906306715064,
      8.742541969147005,
      10.498326905626135,
      5.477937840290381,
      6.692093920145191,
      9.160588702359346,
      8.44070440108893,
      9.360367513611616,
      12.477597549909255,
      10.202586206896552,
      12.22592445553539,
      12.543216878402903,
      12.41470054446461,
      13.192774500907442,
      17.89340403811252
    ],
    [
      9.289246823956443,
      12.606340744101633,
      7.188917876588022,
      3.542536297640653,
      1.9423207803992741,
      0.9295173569188576,
      0.5414913151744489,
      0.08774659502744242,
      0.34548203552483214,
      0.7157456041355964,
      0.9189027786363059,
      0.8745853823023136,
      1.0044634277288365,
      0.8428582193198092,
      1.0045715165873836,
      0.8982149667618712,
      1.9690211688974593,
      0.989133748298548,
      1.0351854937046279,
      1.1066526769509981,
      1.0002126814882033,
      1.2552461433756805,
      1.6517765993647913,
      1.4738543557168784,
      1.9209250226860255,
      2.3918443738656987,
      2.6719317150635207,
      3.4897345735027225,
      3.7910617059891107,
      5.808147118874773,
      4.686947028130671,
      8.04361388384755,
      9.223003629764065,
      11.935911978221416,
      9.845111161524501,
      16.359545145190562
    ],
    [
      8.848599137931034,
      13.100782667876588,
      10.663311025408348,
      4.994441923774954,
      2.8559437386569875,
      1.364098442228217,
      1.0116552917148154,
      0.34548203552483214,
      0.08774659502744242,
      0.2974747182994053,
      0.6804083129238953,
      0.7623184684616684,
      0.7869577286680467,
      0.7742755633733234,
      0.8883041271064329,
      0.8236613888056871,
      1.30099988632756,
      0.8481720787643737,
      0.8499493886684549,
      0.9421758664714446,
      0.9217934720961888,
      0.9838450686252269,
      1.2869711320326678,
      1.2231595961887478,
      1.6515213815789473,
      2.149493818058076,
      2.294663112522686,
      2.7751814882032666,
      3.0809323956442833,
      4.45961887477314,
      3.7988033121597096,
      7.113600272232305,
      9.135265426497277,
      11.499602994555353,
      9.98570780399274,
      15.628743194192378
    ],
    [
      9.017241379310345,
      12.266504083484573,
      8.920967558983666,
      4.71163225952813,
      2.7460583030852996,
      1.5410878480887023,
      1.6396608439201452,
      0.7157456041355964,
      0.2974747182994053,
      0.08774659502744242,
      0.4134404769610147,
      0.7488158795232133,
      0.8961354409718038,
      0.9064274422702685,
      1.1400012719003778,
      1.0155968501650054,
      1.1965476657431269,
      1.070976326556474,
      1.0490623186807235,
      1.110293075090744,
      1.0172103632599818,
      1.1436025408348458,
      1.2641645871143377,
      1.2841282894736843,
      1.5871994101633393,
      1.9375035446914701,
      2.0797697368421053,
      2.484828720508167,
      2.7280229128856623,
      3.87695666969147,
      3.392524954627949,
      6.703039927404719,
      8.675703266787659,
      10.830251814882033,
      9.941214836660617,
      14.673377949183303
    ],
    [
      9.196177404718693,
      10.219657441016334,
      12.459533802177859,
      6.012704174228675,
      3.2823843012704175,
      2.1258790834845733,
      8.861558529945553,
      0.9189027786363059,
      0.6804083129238953,
      0.4134404769610147,
      0.08774659502744242,
      0.37278791039695325,
      0.6979850407304435,
      0.896585181057994,
      0.9544582432930353,
      0.9838577864282577,
      1.0385327070897374,
      1.065743448080904,
      1.0890426497277677,
      1.1457621441129764,
      1.1269921166061705,
      1.120913413821461,
      1.1723712568058076,
      1.2828663793103448,
      1.587766560798548,
      1.8099478221415608,
      1.7173037658802177,
      2.1213135208711433,
      2.3551071914700543,
      3.3005614791288567,
      2.9145303992740472,
      5.775635208711433,
      8.134981851179674,
      10.071801270417422,
      10.192207350272232,
      13.485254083484573
    ],
    [
      8.720933529945553,
      11.66078720508167,
      8.98117059891107,
      5.667507940108893,
      3.375198502722323,
      1.9836944192377495,
      8.743250907441016,
      0.8745853823023136,
      0.7623184684616684,
      0.7488158795232133,
      0.37278791039695325,
      0.08774659502744242,
      0.3791220713873308,
      0.6321495214845654,
      0.7634048128733834,
      0.7739151471755898,
      0.808389327919851,
      0.9608667212692233,
      0.952762056824949,
      1.0309638215495973,
      1.0117094036455379,
      1.0271111296222777,
      1.1388101179673322,
      1.1774366209165155,
      1.5045088475499093,
      1.5864762931034482,
      1.5958839042649728,
      1.8676695780399275,
      2.137491492740472,
      2.692122277676951,
      2.537375226860254,
      4.844033575317605,
      7.629253629764065,
      9.345224591651542,
      10.040012477313974,
      13.695610254083485
    ],
    [
      8.804815108892923,
      11.595394736842104,
      13.779208257713249,
      7.7970451451905625,
      5.293698956442832,
      2.011587596415608,
      9.219061932849364,
      1.0044634277288365,
      0.7869577286680467,
      0.8961354409718038,
      0.6979850407304435,
      0.3791220713873308,
      0.08774659502744242,
      0.407584379026548,
      0.6022386655833457,
      0.6986795622726967,
      0.7806574065109779,
      0.8915242162244074,
      1.0246148395019088,
      1.0196824809384215,
      0.9305243552704688,
      1.0570710834703947,
      1.0819497220961887,
      1.1148285078266789,
      1.328197887718353,
      1.4120774727767695,
      1.4629367059891107,
      1.724534936479129,
      1.9457236842105263,
      2.366492740471869,
      2.2977115471869327,
      4.464723230490018,
      7.290494555353902,
      8.710696460980037,
      10.003516333938293,
      14.03125
    ],
    [
      8.79826451905626,
      11.696687840290382,
      13.494725499092558,
      7.128374546279492,
      3.7047413793103448,
      1.742059891107078,
      9.709108439201453,
      0.8428582193198092,
      0.7742755633733234,
      0.9064274422702685,
      0.896585181057994,
      0.6321495214845654,
      0.407584379026548,
      0.08774659502744242,
      0.39000558939689733,
      0.5199062638187582,
      0.679017124072177,
      0.7305899220239878,
      0.8461648072175235,
      0.8678144673037659,
      0.8720437273139746,
      0.9880505958183274,
      0.9455198644509982,
      1.002864110707804,
      1.2496455308529946,
      1.2077189201451906,
      1.258074807168784,
      1.4469714156079856,
      1.6362012250453721,
      1.8694773706896552,
      1.9109786184210527,
      3.45440108892922,
      6.271211433756806,
      7.244215063520871,
      9.94853107985481,
      13.330308529945553
    ],
    [
      8.942264065335753,
      10.725782667876588,
      13.322595281306715,
      7.772374092558984,
      4.518432395644283,
      2.5484063067150635,
      9.79367059891107,
      1.0045715165873836,
      0.8883041271064329,
      1.1400012719003778,
      0.9544582432930353,
      0.7634048128733834,
      0.6022386655833457,
      0.39000558939689733,
      0.08774659502744242,
      0.3293942491610124,
      0.4263986822914082,
      0.5600696730743518,
      0.7145146337048761,
      0.7119966868696541,
      0.6844087900245688,
      0.8209817405188365,
      0.8816640199637024,
      0.9228339498142581,
      1.1226099917763157,
      1.0547514290645206,
      1.1119980716878404,
      1.2779747050816697,
      1.4701379682537432,
      1.5243077217558985,
      1.6798292876588021,
      2.9471415607985483,
      5.584136796733213,
      6.474024500907441,
      9.625822368421053,
      12.697056488203266
    ],
    [
      8.733977994555353,
      11.175618194192378,
      13.647345735027223,
      7.391504083484573,
      4.664842332123412,
      2.3217729128856623,
      10.273820326678766,
      0.8982149667618712,
      0.8236613888056871,
      1.0155968501650054,
      0.9838577864282577,
      0.7739151471755898,
      0.6986795622726967,
      0.5199062638187582,
      0.3293942491610124,
      0.08774659502744242,
      0.24242419247834954,
      0.42845124741864077,
      0.5516708983267284,
      0.6094077902350797,
      0.6492032671580513,
      0.7166449828935405,
      0.7703230454571234,
      0.8856832570043104,
      1.025656476860254,
      0.9246017539133394,
      1.0439725623156761,
      1.1556828493647913,
      1.3150390514228392,
      1.3928815976677702,
      1.5617768829401089,
      2.691158121597096,
      5.076423548094374,
      6.0912545372050815,
      9.39068171506352,
      11.470961887477314
    ],
    [
      9.039643829401088,
      10.641163793103448,
      13.787006578947368,
      9.282441016333939,
      8.702047413793103,
      11.203862295825772,
      12.120831442831216,
      1.9690211688974593,
      1.30099988632756,
      1.1965476657431269,
      1.0385327070897374,
      0.808389327919851,
      0.7806574065109779,
      0.679017124072177,
      0.4263986822914082,
      0.24242419247834954,
      0.08774659502744242,
      0.29063239574648725,
      0.44831922396125035,
      0.5256530706332946,
      0.6259696392744726,
      0.6949590831832747,
      0.7988174909255898,
      0.8271564130558077,
      0.9726916969147006,
      0.9265803563832804,
      1.067211338050136,
      1.1735339156079856,
      1.3215916559181282,
      1.3690378289473684,
      1.517900691923775,
      2.436705989110708,
      4.719969373865699,
      5.794181034482759,
      9.351066243194193,
      10.777194872958258
    ],
    [
      8.801270417422867,
      10.45647118874773,
      14.337624773139746,
      8.234460072595281,
      6.066526769509982,
      5.143404038112522,
      10.126020871143377,
      0.989133748298548,
      0.8481720787643737,
      1.070976326556474,
      1.065743448080904,
      0.9608667212692233,
      0.8915242162244074,
      0.7305899220239878,
      0.5600696730743518,
      0.42845124741864077,
      0.29063239574648725,
      0.08774659502744242,
      0.2785240085068718,
      0.4008578553173806,
      0.5891141528010152,
      0.6191307663268489,
      0.7209122617967332,
      0.8025473925249547,
      0.9462279165721416,
      0.9138799483892922,
      0.9546363678255445,
      1.1482957123411979,
      1.269177667025862,
      1.3772898706896552,
      1.5166175136116153,
      2.3589496370235934,
      4.435911978221416,
      5.669833257713249,
      9.029548548094374,
      10.436450771324864
    ],
    [
      8.765086206896552,
      10.43290607985481,
      12.85617059891107,
      8.216935117967331,
      6.855943738656987,
      8.550816696914701,
      10.205478675136115,
      1.0351854937046279,
      0.8499493886684549,
      1.0490623186807235,
      1.0890426497277677,
      0.952762056824949,
      1.0246148395019088,
      0.8461648072175235,
      0.7145146337048761,
      0.5516708983267284,
      0.44831922396125035,
      0.2785240085068718,
      0.08774659502744242,
      0.29539510028981036,
      0.42999057431186394,
      0.5237740289602435,
      0.6686584140341425,
      0.7826807260946007,
      0.8971117853901996,
      0.8562226615670372,
      0.9514098124149274,
      1.095908717105263,
      1.1895481116542366,
      1.3366889745916515,
      1.4679152251588021,
      2.1564201451905625,
      4.1755047640653356,
      5.641050362976406,
      8.67510775862069,
      9.99665381125227
    ],
    [
      8.702359346642469,
      9.956187613430128,
      13.463050136116152,
      8.18489110707804,
      5.853901996370236,
      6.23182282214156,
      10.11260775862069,
      1.1066526769509981,
      0.9421758664714446,
      1.110293075090744,
      1.1457621441129764,
      1.0309638215495973,
      1.0196824809384215,
      0.8678144673037659,
      0.7119966868696541,
      0.6094077902350797,
      0.5256530706332946,
      0.4008578553173806,
      0.29539510028981036,
      0.08774659502744242,
      0.25957214935072537,
      0.4027032315622873,
      0.5653889789338986,
      0.6523829631493875,
      0.7837233084732305,
      0.7334633219696433,
      0.8344116764795542,
      0.9544824506756182,
      1.0763112256834164,
      1.1922782441016333,
      1.3816640199637023,
      2.025833711433757,
      3.6817150635208713,
      5.128743194192378,
      8.021806941923774,
      9.724194646098004
    ],
    [
      8.608495916515427,
      11.146608439201453,
      13.085356170598912,
      8.472464836660617,
      5.4624262704174225,
      4.571347549909256,
      10.087142695099818,
      1.0002126814882033,
      0.9217934720961888,
      1.0172103632599818,
      1.1269921166061705,
      1.0117094036455379,
      0.9305243552704688,
      0.8720437273139746,
      0.6844087900245688,
      0.6492032671580513,
      0.6259696392744726,
      0.5891141528010152,
      0.42999057431186394,
      0.25957214935072537,
      0.08774659502744242,
      0.2117479054659551,
      0.4054250592761377,
      0.4822887186562734,
      0.5983758015987445,
      0.6018795540890979,
      0.7213052794634754,
      0.8301749947715801,
      0.9656103812631375,
      1.0730813471245462,
      1.2512548207803993,
      1.9892524954627948,
      3.373411978221416,
      4.943681941923775,
      7.319972209618875,
      9.487125680580762
    ],
    [
      8.591623185117967,
      11.102597549909255,
      11.032838021778584,
      8.111728675136115,
      5.784596188747732,
      4.163764745916516,
      10.235906306715064,
      1.2552461433756805,
      0.9838450686252269,
      1.1436025408348458,
      1.120913413821461,
      1.0271111296222777,
      1.0570710834703947,
      0.9880505958183274,
      0.8209817405188365,
      0.7166449828935405,
      0.6949590831832747,
      0.6191307663268489,
      0.5237740289602435,
      0.4027032315622873,
      0.2117479054659551,
      0.08774659502744242,
      0.2541363505940688,
      0.3642490803654527,
      0.48900150863315145,
      0.5415248655580566,
      0.6349314774662094,
      0.7309174955215731,
      0.8724763264673375,
      0.942354903679794,
      1.1735987178643257,
      1.7890483212341197,
      3.17317944646098,
      4.690562613430127,
      6.657526088929219,
      9.270927858439201
    ],
    [
      8.882458030852995,
      12.379196914700545,
      16.37108666061706,
      9.837653130671507,
      9.516674228675136,
      6.686677631578948,
      8.742541969147005,
      1.6517765993647913,
      1.2869711320326678,
      1.2641645871143377,
      1.1723712568058076,
      1.1388101179673322,
      1.0819497220961887,
      0.9455198644509982,
      0.8816640199637024,
      0.7703230454571234,
      0.7988174909255898,
      0.7209122617967332,
      0.6686584140341425,
      0.5653889789338986,
      0.4054250592761377,
      0.2541363505940688,
      0.08774659502744242,
      0.24163423816651486,
      0.3712882130202278,
      0.4656452044925759,
      0.5528589952230021,
      0.6829476790830574,
      0.8139214139235648,
      0.8981034128289473,
      1.0894845068562917,
      1.8031845508166968,
      3.0364961433756807,
      4.305779264972776,
      5.971529038112522,
      9.034766333938293
    ],
    [
      8.990670372050817,
      13.396012931034482,
      11.337000907441016,
      7.668046733212341,
      5.163140880217786,
      3.653697822141561,
      10.498326905626135,
      1.4738543557168784,
      1.2231595961887478,
      1.2841282894736843,
      1.2828663793103448,
      1.1774366209165155,
      1.1148285078266789,
      1.002864110707804,
      0.9228339498142581,
      0.8856832570043104,
      0.8271564130558077,
      0.8025473925249547,
      0.7826807260946007,
      0.6523829631493875,
      0.4822887186562734,
      0.3642490803654527,
      0.24163423816651486,
      0.08774659502744242,
      0.21940441334961547,
      0.35567912086168346,
      0.47466548081967447,
      0.5687025869822978,
      0.7661534082651571,
      0.8615975215517241,
      1.0168514632486387,
      1.7626899954627948,
      2.8635719147005445,
      3.8599421506352085,
      4.886640766787659,
      8.7110083938294
    ],
    [
      8.86779718693285,
      11.948389292196007,
      10.05467332123412,
      6.858524274047187,
      5.692887931034483,
      4.242712114337568,
      5.477937840290381,
      1.9209250226860255,
      1.6515213815789473,
      1.5871994101633393,
      1.587766560798548,
      1.5045088475499093,
      1.328197887718353,
      1.2496455308529946,
      1.1226099917763157,
      1.025656476860254,
      0.9726916969147006,
      0.9462279165721416,
      0.8971117853901996,
      0.7837233084732305,
      0.5983758015987445,
      0.48900150863315145,
      0.3712882130202278,
      0.21940441334961547,
      0.08774659502744242,
      0.21635798485222832,
      0.32152820926179904,
      0.48037153509480984,
      0.7101656585769515,
      0.6692095266928907,
      0.9088771609342683,
      1.3266371538331851,
      1.9941087227767695,
      2.916997504537205,
      3.7840857531760435,
      8.220111161524501
    ],
    [
      8.821035617059891,
      12.292422867513611,
      13.812329854809438,
      7.835497958257713,
      6.888271324863884,
      5.613345054446461,
      6.692093920145191,
      2.3918443738656987,
      2.149493818058076,
      1.9375035446914701,
      1.8099478221415608,
      1.5864762931034482,
      1.4120774727767695,
      1.2077189201451906,
      1.0547514290645206,
      0.9246017539133394,
      0.9265803563832804,
      0.9138799483892922,
      0.8562226615670372,
      0.7334633219696433,
      0.6018795540890979,
      0.5415248655580566,
      0.4656452044925759,
      0.35567912086168346,
      0.21635798485222832,
      0.08774659502744242,
      0.16020422584348495,
      0.28231207142075265,
      0.4471295740989505,
      0.5211891591440744,
      0.6804086041861567,
      1.0123666150600206,
      1.5869371029945554,
      2.4690442093920146,
      2.899203153357532,
      7.655144056261343
    ],
    [
      9.982134754990925,
      12.423434664246823,
      14.160049909255898,
      8.507344600725952,
      7.177688294010889,
      6.485282441016334,
      9.160588702359346,
      2.6719317150635207,
      2.294663112522686,
      2.0797697368421053,
      1.7173037658802177,
      1.5958839042649728,
      1.4629367059891107,
      1.258074807168784,
      1.1119980716878404,
      1.0439725623156761,
      1.067211338050136,
      0.9546363678255445,
      0.9514098124149274,
      0.8344116764795542,
      0.7213052794634754,
      0.6349314774662094,
      0.5528589952230021,
      0.47466548081967447,
      0.32152820926179904,
      0.16020422584348495,
      0.08774659502744242,
      0.1555084361679541,
      0.29527875537664616,
      0.42522388220698776,
      0.5454320094113774,
      0.7387846859743288,
      1.1524950640171279,
      1.7977399047186933,
      2.2743378516333936,
      7.003317831215971
    ],
    [
      9.034340970961887,
      11.825657894736842,
      12.504934210526315,
      9.031448502722323,
      7.7040607985480944,
      6.659340970961887,
      8.44070440108893,
      3.4897345735027225,
      2.7751814882032666,
      2.484828720508167,
      2.1213135208711433,
      1.8676695780399275,
      1.724534936479129,
      1.4469714156079856,
      1.2779747050816697,
      1.1556828493647913,
      1.1735339156079856,
      1.1482957123411979,
      1.095908717105263,
      0.9544824506756182,
      0.8301749947715801,
      0.7309174955215731,
      0.6829476790830574,
      0.5687025869822978,
      0.48037153509480984,
      0.28231207142075265,
      0.1555084361679541,
      0.08774659502744242,
      0.16987837096524108,
      0.3137264644385682,
      0.43351931164139196,
      0.5782614709461233,
      0.873633770674413,
      1.3282667876588021,
      1.879817235707804,
      6.124560458257713
    ],
    [
      8.914813974591652,
      11.690562613430128,
      16.267071234119783,
      9.545910843920145,
      9.147260662431941,
      8.121370235934664,
      9.360367513611616,
      3.7910617059891107,
      3.0809323956442833,
      2.7280229128856623,
      2.3551071914700543,
      2.137491492740472,
      1.9457236842105263,
      1.6362012250453721,
      1.4701379682537432,
      1.3150390514228392,
      1.3215916559181282,
      1.269177667025862,
      1.1895481116542366,
      1.0763112256834164,
      0.9656103812631375,
      0.8724763264673375,
      0.8139214139235648,
      0.7661534082651571,
      0.7101656585769515,
      0.4471295740989505,
      0.29527875537664616,
      0.16987837096524108,
      0.08774659502744242,
      0.19399732994946725,
      0.3253141603214555,
      0.4923960006713002,
      0.6973858952738629,
      1.0505047640653358,
      1.56479164303539,
      5.414672186932849
    ],
    [
      9.180041969147005,
      11.648593466424682,
      12.193228221415607,
      9.742400181488204,
      9.792139292196007,
      10.601746823956443,
      12.477597549909255,
      5.808147118874773,
      4.45961887477314,
      3.87695666969147,
      3.3005614791288567,
      2.692122277676951,
      2.366492740471869,
      1.8694773706896552,
      1.5243077217558985,
      1.3928815976677702,
      1.3690378289473684,
      1.3772898706896552,
      1.3366889745916515,
      1.1922782441016333,
      1.0730813471245462,
      0.942354903679794,
      0.8981034128289473,
      0.8615975215517241,
      0.6692095266928907,
      0.5211891591440744,
      0.42522388220698776,
      0.3137264644385682,
      0.19399732994946725,
      0.08774659502744242,
      0.18388158347991762,
      0.36166804001249114,
      0.5390944034131598,
      0.7622894453266787,
      1.3158426440562614,
      4.639490698729583
    ],
    [
      9.623979128856623,
      11.751417876588022,
      11.73102881125227,
      8.755075998185118,
      8.6014916061706,
      8.79883166969147,
      10.202586206896552,
      4.686947028130671,
      3.7988033121597096,
      3.392524954627949,
      2.9145303992740472,
      2.537375226860254,
      2.2977115471869327,
      1.9109786184210527,
      1.6798292876588021,
      1.5617768829401089,
      1.517900691923775,
      1.5166175136116153,
      1.4679152251588021,
      1.3816640199637023,
      1.2512548207803993,
      1.1735987178643257,
      1.0894845068562917,
      1.0168514632486387,
      0.9088771609342683,
      0.6804086041861567,
      0.5454320094113774,
      0.43351931164139196,
      0.3253141603214555,
      0.18388158347991762,
      0.08774659502744242,
      0.1908749898527149,
      0.3228292314846157,
      0.48738679695475556,
      1.0647516544847437,
      3.9642411524500907
    ],
    [
      9.224761796733212,
      10.265993647912886,
      12.042366152450091,
      11.557849364791288,
      11.787630444646098,
      10.476349818511796,
      12.22592445553539,
      8.04361388384755,
      7.113600272232305,
      6.703039927404719,
      5.775635208711433,
      4.844033575317605,
      4.464723230490018,
      3.45440108892922,
      2.9471415607985483,
      2.691158121597096,
      2.436705989110708,
      2.3589496370235934,
      2.1564201451905625,
      2.025833711433757,
      1.9892524954627948,
      1.7890483212341197,
      1.8031845508166968,
      1.7626899954627948,
      1.3266371538331851,
      1.0123666150600206,
      0.7387846859743288,
      0.5782614709461233,
      0.4923960006713002,
      0.36166804001249114,
      0.1908749898527149,
      0.08774659502744242,
      0.1837288093653435,
      0.28507150971954404,
      0.7222260130728222,
      3.200473570780399
    ],
    [
      9.31187613430127,
      11.19135662431942,
      11.756068511796734,
      9.468211206896552,
      9.129707350272232,
      9.589382940108893,
      12.543216878402903,
      9.223003629764065,
      9.135265426497277,
      8.675703266787659,
      8.134981851179674,
      7.629253629764065,
      7.290494555353902,
      6.271211433756806,
      5.584136796733213,
      5.076423548094374,
      4.719969373865699,
      4.435911978221416,
      4.1755047640653356,
      3.6817150635208713,
      3.373411978221416,
      3.17317944646098,
      3.0364961433756807,
      2.8635719147005445,
      1.9941087227767695,
      1.5869371029945554,
      1.1524950640171279,
      0.873633770674413,
      0.6973858952738629,
      0.5390944034131598,
      0.3228292314846157,
      0.1837288093653435,
      0.08774659502744242,
      0.14627037393419365,
      0.37836142114199656,
      2.844203720508167
    ],
    [
      10.569305807622504,
      11.14190108892922,
      12.166203493647913,
      11.311365698729583,
      11.083257713248639,
      10.937613430127042,
      12.41470054446461,
      11.935911978221416,
      11.499602994555353,
      10.830251814882033,
      10.071801270417422,
      9.345224591651542,
      8.710696460980037,
      7.244215063520871,
      6.474024500907441,
      6.0912545372050815,
      5.794181034482759,
      5.669833257713249,
      5.641050362976406,
      5.128743194192378,
      4.943681941923775,
      4.690562613430127,
      4.305779264972776,
      3.8599421506352085,
      2.916997504537205,
      2.4690442093920146,
      1.7977399047186933,
      1.3282667876588021,
      1.0505047640653358,
      0.7622894453266787,
      0.48738679695475556,
      0.28507150971954404,
      0.14627037393419365,
      0.08774659502744242,
      0.20332383590255157,
      2.6977016220508165
    ],
    [
      9.464354582577133,
      10.34369328493648,
      10.515539927404719,
      9.822425136116152,
      9.784766333938293,
      9.724081215970962,
      13.192774500907442,
      9.845111161524501,
      9.98570780399274,
      9.941214836660617,
      10.192207350272232,
      10.040012477313974,
      10.003516333938293,
      9.94853107985481,
      9.625822368421053,
      9.39068171506352,
      9.351066243194193,
      9.029548548094374,
      8.67510775862069,
      8.021806941923774,
      7.319972209618875,
      6.657526088929219,
      5.971529038112522,
      4.886640766787659,
      3.7840857531760435,
      2.899203153357532,
      2.2743378516333936,
      1.879817235707804,
      1.56479164303539,
      1.3158426440562614,
      1.0647516544847437,
      0.7222260130728222,
      0.37836142114199656,
      0.20332383590255157,
      0.08774659502744242,
      3.461562251871597
    ],
    [
      22.915551270417424,
      11.991152450090745,
      12.475555807622504,
      12.711462114337568,
      14.031533575317605,
      15.739507713248639,
      17.89340403811252,
      16.359545145190562,
      15.628743194192378,
      14.673377949183303,
      13.485254083484573,
      13.695610254083485,
      14.03125,
      13.330308529945553,
      12.697056488203266,
      11.470961887477314,
      10.777194872958258,
      10.436450771324864,
      9.99665381125227,
      9.724194646098004,
      9.487125680580762,
      9.270927858439201,
      9.034766333938293,
      8.7110083938294,
      8.220111161524501,
      7.655144056261343,
      7.003317831215971,
      6.124560458257713,
      5.414672186932849,
      4.639490698729583,
      3.9642411524500907,
      3.200473570780399,
      2.844203720508167,
      2.6977016220508165,
      3.461562251871597,
      0.08774659502744242
    ]
  ],
  "swap_delta_matrix": [
    [
      0.0,
      8.658113205335535,
      12.511788341451688,
      9.552878404972558,
      8.831292651796515,
      9.376693060144973,
      10.051432170852776,
      9.201500228929001,
      8.760852542903592,
      8.929494784282904,
      9.108430809691251,
      8.633186934918111,
      8.717068513865481,
      8.710517924028819,
      8.854517470308311,
      8.646231399527911,
      8.951897234373646,
      8.713523822395425,
      8.67733961186911,
      8.614612751615027,
      8.520749321487985,
      8.503876590090526,
      8.794711435825553,
      8.902923777023375,
      8.780050591905407,
      8.73328902203245,
      9.894388159963484,
      8.946594375934446,
      8.82706737956421,
      9.092295374119564,
      9.536232533829182,
      9.13701520170577,
      9.224129539273829,
      10.481559212595062,
      9.376607987549692,
      22.82780467538998
    ],
    [
      8.658113205335535,
      0.0,
      0.6604783751895337,
      6.713098459419019,
      8.840196916769292,
      8.575621145444428,
      9.121163341451688,
      12.518594149074191,
      13.013036072849147,
      12.178757488457132,
      10.131910845988893,
      11.573040610054228,
      11.507648141814663,
      11.60894124526294,
      10.638036072849147,
      11.087871599164936,
      10.553417198076007,
      10.36872459372029,
      10.345159484827368,
      9.868441018402686,
      11.058861844174011,
      11.014850954881814,
      12.291450319673103,
      13.30826633600704,
      11.860642697168565,
      12.20467627248617,
      12.335688069219382,
      11.7379112997094,
      11.602816018402686,
      11.56084687139724,
      11.66367128156058,
      10.178247052885444,
      11.103610029291978,
      11.054154493901779,
      10.255946689909038,
      11.903405855063303
    ],
    [
      12.511788341451688,
      0.6604783751895337,
      0.0,
      0.14415609046897956,
      4.091614793357312,
      7.23467854108871,
      9.707625455789255,
      7.101171281560579,
      10.575564430380906,
      8.833220963956224,
      12.371787207150417,
      8.893424003883629,
      13.691461662685807,
      13.406978904065117,
      13.234848686279273,
      13.559599139999781,
      13.699259983919926,
      14.249878178112304,
      12.768424003883629,
      13.37530354108871,
      12.99760957557147,
      10.945091426751143,
      16.283340065589616,
      11.249254312413575,
      9.966926726206678,
      13.724583259781996,
      14.072303314228456,
      12.417187615498873,
      16.17932463909234,
      12.105481626388165,
      11.643282216224828,
      11.95461955742265,
      11.668321916769292,
      12.078456898620471,
      10.427793332377277,
      12.387809212595062
    ],
    [
      9.552878404972558,
      6.713098459419019,
      0.14415609046897956,
      0.0,
      1.190562476317809,
      2.1922840311068588,
      5.505748187186714,
      3.4547897026132106,
      4.906695328747512,
      4.623885664500688,
      5.924957579201233,
      5.57976134508145,
      7.70929855016312,
      7.040627951252049,
      7.684627497531541,
      7.303757488457131,
      9.194694421306497,
      8.14671347756784,
      8.12918852293989,
      8.097144512050598,
      8.384718241633175,
      8.023982080108674,
      9.749906535644065,
      7.5803001381848985,
      6.770777679019744,
      7.747751363230271,
      8.41959800569851,
      8.943701907694882,
      9.458164248892704,
      9.654653586460762,
      8.667329403157677,
      11.470102769763846,
      9.38046461186911,
      11.223619103702141,
      9.73467854108871,
      12.623715519310126
    ],
    [
      8.831292651796515,
      8.840196916769292,
      4.091614793357312,
      1.190562476317809,
      0.0,
      0.6396462494362072,
      1.032857990308163,
      1.8545741853718316,
      2.768197143629545,
      2.658311708057857,
      3.194637706242975,
      3.2874519076948805,
      5.205952361415389,
      3.616994784282902,
      4.430685800616841,
      4.577095737095969,
      8.614300818765662,
      5.978780174482539,
      6.7681971436295445,
      5.766155401342793,
      5.37467967538998,
      5.696849593720289,
      9.428927633647694,
      5.0753942851903435,
      5.605141336007041,
      6.800524729836441,
      7.089941698983447,
      7.616314203520652,
      9.0595140674045,
      9.704392697168565,
      8.513745011143158,
      11.699883849618656,
      9.04196075524479,
      10.995511118221197,
      9.697019738910852,
      13.943786980290163
    ],
    [
      9.376693060144973,
      8.575621145444428,
      7.23467854108871,
      2.1922840311068588,
      0.6396462494362072,
      0.0,
      0.1853598369768873,
      0.8417707618914152,
      1.2763518472007744,
      1.45334125306126,
      2.038132488457131,
      1.8959478242103072,
      1.9238410013881655,
      1.6543132960796356,
      2.460659711687621,
      2.23402631785822,
      11.11611570079833,
      5.05565744308508,
      8.46307010188726,
      6.144076227114118,
      4.483600954881814,
      4.076018150889073,
      6.598931036551505,
      3.5659512271141183,
      4.154965519310125,
      5.525598459419019,
      6.397535845988892,
      6.571594375934445,
      8.033623640907223,
      10.514000228929001,
      8.711085074664028,
      10.388603223484354,
      9.501636345081451,
      10.8498668350996,
      9.63633462094352,
      15.651761118221197
    ],
    [
      10.051432170852776,
      9.121163341451688,
      9.707625455789255,
      5.505748187186714,
      1.032857990308163,
      0.1853598369768873,
      0.0,
      0.4537447201470065,
      0.923908696687373,
      1.551914248892703,
      8.773811934918111,
      8.655504312413575,
      9.131315337821922,
      9.621361844174011,
      9.705924003883629,
      10.186073731651325,
      12.033084847803774,
      10.038274276115935,
      10.117732080108674,
      10.024861163593249,
      9.999396100072376,
      10.148159711687622,
      8.654795374119564,
      10.410580310598693,
      5.390191245262939,
      6.6043473251177485,
      9.072842107331905,
      8.352957806061488,
      9.272620918584174,
      12.389850954881814,
      10.11483961186911,
